      0/49        0G   0.09331   0.02768         0     0.121        21       640   0.02503   0.03797  0.005648 0.0007806   0.08274   0.02131         0
      1/49        0G   0.09333   0.02775         0    0.1211        14       640   0.02713   0.02532  0.004925   0.00074   0.07638   0.02072         0
      2/49        0G   0.08519   0.02686         0    0.1121        14       640    0.1973   0.01266  0.007394 0.0009311   0.06943   0.02019         0
      3/49        0G   0.09052   0.03049         0     0.121        20       640   0.03792   0.05063  0.008558  0.001303   0.06325   0.01969         0
      4/49        0G   0.07109   0.02847         0   0.09956        15       640   0.05512   0.07595   0.01765  0.003301   0.06139   0.01852         0
      5/49        0G   0.07668   0.02908         0    0.1058        13       640    0.0621    0.2025   0.02976  0.004872     0.057   0.01826         0
      6/49        0G   0.06735   0.02765         0     0.095        17       640    0.1072    0.2278   0.05016  0.008022   0.05336   0.01814         0
      7/49        0G   0.06238   0.02882         0    0.0912        19       640   0.06802    0.3291   0.04653  0.008834   0.04844   0.01781         0
      8/49        0G   0.06136   0.02756         0   0.08893        12       640    0.1183    0.2532   0.07185   0.01698    0.0455   0.01741         0
      9/49        0G   0.05796   0.02771         0   0.08567        16       640    0.2908    0.3291     0.153   0.03187   0.04329   0.01735         0
     10/49        0G   0.05195   0.02979         0   0.08174        18       640    0.4349    0.2532    0.2407   0.07709   0.03571   0.01733         0
     11/49        0G   0.05219   0.02836         0   0.08055        16       640    0.3346    0.3544    0.2536   0.06614   0.03926   0.01638         0
     12/49        0G   0.05188   0.03024         0   0.08212        21       640    0.3948    0.3386    0.2621   0.08114   0.03547   0.01629         0
     13/49        0G   0.05801   0.02919         0    0.0872        17       640    0.3522    0.4557    0.2965    0.1098    0.0348   0.01561         0
     14/49        0G   0.04665   0.02899         0   0.07564        12       640    0.4636    0.4051    0.3375    0.1329   0.03563   0.01526         0
     15/49        0G   0.05003   0.02778         0    0.0778        16       640    0.3859    0.4933    0.3875    0.1576   0.03529   0.01477         0
     16/49        0G    0.0439   0.02627         0   0.07017        15       640    0.5541    0.6449     0.545    0.2612   0.02727   0.01404         0
     17/49        0G   0.04496   0.02433         0   0.06928        11       640    0.6193    0.5443     0.608    0.2675   0.02604   0.01365         0
     18/49        0G   0.04174   0.02546         0    0.0672        17       640    0.6984    0.5569    0.6354    0.3127   0.02457   0.01301         0
     19/49        0G   0.03957   0.02609         0   0.06566        18       640    0.7589    0.6709    0.7358    0.3724   0.02434   0.01251         0
     20/49        0G   0.04672   0.02409         0   0.07081         8       640    0.4468    0.6441       0.5    0.2344   0.02909   0.01149         0
     21/49        0G   0.04374   0.02408         0   0.06782        21       640    0.5527    0.5945    0.5916    0.3164    0.0277   0.01114         0
     22/49        0G   0.03843   0.02129         0   0.05972        17       640    0.8381    0.5949    0.7601    0.4123   0.02458   0.01114         0
     23/49        0G   0.04086   0.02077         0   0.06163        18       640    0.6519    0.5696    0.6157    0.3104   0.02616   0.01081         0
     24/49        0G   0.04077   0.02133         0    0.0621        16       640    0.5723    0.7962    0.7138    0.3708   0.02482    0.0104         0
     25/49        0G    0.0399   0.02336         0   0.06326        16       640    0.6819    0.7342    0.7665    0.3759   0.02293   0.01019         0
     26/49        0G   0.03684   0.01975         0   0.05659        21       640    0.4906    0.6962    0.5612    0.2441   0.02593   0.00976         0
     27/49        0G   0.03771   0.01928         0   0.05698        11       640    0.6195    0.8481    0.7985    0.4148   0.02175   0.00975         0
     28/49        0G   0.04308    0.0208         0   0.06388        18       640     0.749    0.8734     0.887     0.457   0.02149  0.009602         0
     29/49        0G    0.0389   0.02113         0   0.06002        21       640    0.8565    0.9114    0.9314     0.422   0.02335  0.009378         0
     30/49        0G   0.04074   0.01808         0   0.05883        11       640    0.8568    0.9114    0.9323    0.5194   0.02148  0.009276         0
     31/49        0G   0.04262   0.01938         0     0.062        11       640    0.5875    0.7848    0.6995    0.3151   0.02556  0.008975         0
     32/49        0G   0.03434   0.02011         0   0.05445        15       640    0.8395    0.8608    0.9198    0.5862     0.023  0.009037         0
     33/49        0G   0.03567   0.01857         0   0.05424        11       640    0.6663    0.7848    0.8013     0.394   0.02786  0.008518         0
     34/49        0G   0.04282   0.02069         0   0.06351        17       640    0.8214    0.8733    0.9079    0.4505   0.02339  0.008533         0
     35/49        0G   0.04059   0.01863         0   0.05921        15       640    0.7196    0.9114    0.8644    0.5915    0.0217  0.008404         0
     36/49        0G   0.04731   0.01916         0   0.06647        18       640    0.5035    0.8861    0.6974    0.3947   0.02534  0.008189         0
     37/49        0G   0.03755    0.0194         0   0.05696        18       640    0.7752    0.8734    0.8781    0.5738   0.02067   0.00837         0
     38/49        0G   0.03845   0.01966         0   0.05811        18       640    0.6481    0.9367    0.8372    0.5282   0.02195  0.008053         0
     39/49        0G   0.03821   0.01912         0   0.05733        16       640    0.8144    0.9494    0.9333    0.4912   0.02218  0.007909         0
     40/49        0G   0.03597   0.02058         0   0.05655        17       640    0.7833    0.9241     0.922    0.5891   0.02095  0.007948         0
     41/49        0G   0.03272   0.01823         0   0.05096        18       640    0.9012    0.8101     0.918    0.4598   0.02007  0.007853         0
     42/49        0G   0.03258   0.01809         0   0.05067        18       640    0.8758    0.9873    0.9703    0.5485   0.01775  0.007774         0
     43/49        0G    0.0327   0.01676         0   0.04946        16       640    0.7916    0.9618    0.8966    0.5912   0.01903  0.007758         0
     44/49        0G   0.03274   0.01823         0   0.05097        18       640    0.6865    0.8608    0.8658    0.5733   0.02385  0.007491         0
     45/49        0G   0.03664   0.01843         0   0.05507        15       640    0.6441    0.8477    0.7903    0.5229   0.02102  0.007363         0
     46/49        0G   0.03676   0.02013         0   0.05689        20       640    0.8761    0.9873    0.9733    0.6172   0.01809  0.007381         0
     47/49        0G   0.03163   0.01734         0   0.04897        14       640    0.7246    0.6329    0.7508    0.5114   0.02219   0.00718         0
     48/49        0G   0.03229   0.01679         0   0.04909        17       640    0.8977         1    0.9755    0.6257   0.01899  0.007229         0
     49/49        0G   0.03465   0.01644         0    0.0511        14       640    0.7026     0.987    0.8998     0.596   0.01953  0.007071         0
