      0/49        0G    0.1013   0.02733         0    0.1287        31       640   0.01358   0.05063  0.004784 0.0006242   0.09543   0.02136         0
      1/49        0G    0.1057   0.02868         0    0.1344        43       640  0.007921   0.08861  0.004346 0.0006219   0.08956    0.0206         0
      2/49        0G   0.09968   0.02637         0    0.1261        29       640   0.01008   0.05063   0.00462  0.000685   0.08388   0.02002         0
      3/49        0G   0.08957   0.02697         0    0.1165        34       640   0.07554   0.01266  0.005338 0.0009076   0.08011   0.01958         0
      4/49        0G   0.09569   0.02921         0    0.1249        42       640   0.03427   0.02532  0.005891 0.0008746   0.07227   0.01925         0
      5/49        0G   0.08762   0.02792         0    0.1155        37       640    0.0135    0.1013  0.005932  0.001053   0.06881   0.01875         0
      6/49        0G   0.08121   0.02865         0    0.1099        40       640    0.0228   0.08861    0.0103  0.001554   0.06459   0.01865         0
      7/49        0G   0.07415   0.02628         0    0.1004        31       640   0.02735    0.2911   0.01657  0.002585   0.06035   0.01821         0
      8/49        0G    0.0758   0.02684         0    0.1026        26       640   0.06938    0.1772   0.03148   0.00533   0.05685    0.0175         0
      9/49        0G   0.06905   0.02768         0   0.09673        30       640   0.09163    0.2405   0.05355  0.008904   0.05442   0.01758         0
     10/49        0G   0.07456    0.0282         0    0.1028        33       640   0.09439    0.3671   0.07384   0.01251   0.04861   0.01756         0
     11/49        0G   0.06994   0.03002         0   0.09997        40       640    0.1296    0.3924   0.09954   0.02014   0.04624   0.01758         0
     12/49        0G   0.06637   0.02864         0   0.09502        39       640    0.1565    0.3544    0.1078   0.02745   0.04418   0.01738         0
     13/49        0G   0.06616   0.02795         0   0.09411        30       640    0.1683    0.4937    0.1459   0.03664   0.04229   0.01722         0
     14/49        0G   0.05517   0.03002         0   0.08519        28       640    0.2209    0.4304    0.1595   0.04128   0.04014   0.01698         0
     15/49        0G   0.05715   0.02599         0   0.08314        30       640    0.2282    0.3797    0.1735   0.04185   0.03719   0.01695         0
     16/49        0G   0.05403   0.02973         0   0.08377        31       640    0.2715    0.3822    0.2228   0.06274   0.03913   0.01679         0
     17/49        0G   0.06019   0.03362         0   0.09381        36       640    0.2914    0.4304      0.29   0.09937   0.03982   0.01645         0
     18/49        0G   0.05681   0.02656         0   0.08337        36       640    0.3031    0.6828     0.428    0.1386    0.0375    0.0163         0
     19/49        0G   0.05442   0.02837         0   0.08278        37       640    0.3047    0.4304    0.3299    0.1186   0.03669    0.0156         0
     20/49        0G   0.05795   0.02868         0   0.08663        37       640     0.643    0.3291    0.4048    0.1285   0.03628   0.01523         0
     21/49        0G   0.05705   0.02625         0    0.0833        34       640    0.6239    0.3781    0.4642     0.164    0.0382   0.01496         0
     22/49        0G   0.05234   0.02841         0   0.08075        30       640    0.5779    0.4304    0.4732     0.177   0.03533   0.01473         0
     23/49        0G   0.05075   0.02598         0   0.07673        33       640    0.7369    0.4304    0.5229    0.2108   0.03389   0.01484         0
     24/49        0G     0.053   0.02653         0   0.07953        28       640    0.7873    0.3924    0.5114    0.2244   0.03559   0.01452         0
     25/49        0G   0.04895   0.02704         0   0.07599        33       640     0.703    0.4557    0.5593    0.2771   0.03151   0.01436         0
     26/49        0G   0.04929   0.02738         0   0.07668        36       640    0.6817    0.5422    0.5987    0.3068   0.02994   0.01404         0
     27/49        0G    0.0575   0.02376         0   0.08127        23       640     0.681     0.519    0.6218     0.339   0.03062   0.01361         0
     28/49        0G   0.04624   0.02538         0   0.07162        33       640    0.8314    0.5063    0.6602    0.3781    0.0267    0.0136         0
     29/49        0G   0.04504   0.02332         0   0.06836        32       640    0.7477    0.5316    0.6846    0.3515   0.02701   0.01323         0
     30/49        0G   0.04148   0.02407         0   0.06554        30       640    0.7758    0.5693    0.7061    0.3798   0.02681    0.0131         0
     31/49        0G   0.04446   0.02347         0   0.06793        35       640    0.6901    0.6203    0.7024     0.403   0.02642   0.01271         0
     32/49        0G   0.03984   0.02257         0   0.06241        32       640    0.6234    0.6709    0.6996    0.3737   0.02658   0.01237         0
     33/49        0G   0.05018   0.02515         0   0.07533        37       640    0.6361    0.7081     0.726     0.364   0.02903   0.01213         0
     34/49        0G   0.04263    0.0231         0   0.06573        38       640    0.7088    0.7089    0.7645    0.4489     0.025   0.01199         0
     35/49        0G    0.0343   0.01965         0   0.05395        24       640    0.7827    0.7296    0.8123    0.4921   0.02503   0.01185         0
     36/49        0G   0.03876   0.02088         0   0.05964        31       640    0.7173    0.8351    0.8159    0.4342   0.02521   0.01164         0
     37/49        0G   0.04543   0.02153         0   0.06695        33       640    0.7836    0.7334    0.8267    0.4448   0.02563   0.01144         0
     38/49        0G   0.04521   0.02356         0   0.06877        38       640    0.7275    0.7468    0.8101    0.4724   0.02534    0.0113         0
     39/49        0G   0.04163   0.02334         0   0.06497        32       640    0.8148    0.6709    0.8181    0.3624   0.02648   0.01106         0
     40/49        0G   0.04363   0.02032         0   0.06395        29       640    0.6854    0.7721    0.7873    0.4059   0.02418   0.01093         0
     41/49        0G   0.04149   0.02012         0   0.06161        34       640    0.7388    0.8595    0.8581    0.4403   0.02353   0.01081         0
     42/49        0G   0.04683   0.02106         0   0.06789        27       640    0.7386    0.8227    0.8457    0.4643   0.02349    0.0108         0
